750
56
122
17
493
639
646
784
282
780
989
506
135
505
33
42
722
43
333
192
971
276
859
16
420
14
691
210
959
734
694
948
308
194
626
766
477
448
602
642
649
220
141
748
317
569
268
379
538
132
747
655
107
235
170
621
592
340
556
354
531
164
323
112
334
843
764
205
854
515
741
848
914
738
293
431
772
325
351
397
230
441
374
966
110
678
647
575
730
176
767
258
326
316
976
829
74
357
955
938
790
489
184
652
486
315
453
819
312
174
791
377
519
874
807
672
713
77
842
742
121
869
983
917
356
303
209
809
45
893
895
186
520
342
75
491
658
611
680
1
346
574
332
378
778
136
540
826
785
239
822
667
380
425
298
702
823
692
690
412
733
776
656
440
446
565
839
193
514
997
850
222
100
319
283
24
727
63
240
591
827
7
29
682
140
931
849
560
787
975
536
593
804
640
724
473
213
212
811
439
875
851
62
933
693
925
908
177
309
274
142
225
978
406
922
328
284
39
935
852
460
669
279
278
596
311
73
255
299
369
421
886
396
786
906
604
754
821
362
815
719
442
267
232
483
605
597
229
178
863
865
60
233
430
261
400
526
203
980 398
358
687
921
111
393
831
41
159
888
998
878
916 587
970
584
845
944
25
844
533
347
554
352
718
870
570
820
671
663
707
743
812
272
3
985 558
120
650
516
436
391
245
708
361
987
502
189
610
251
435
70
167
614
926
613
907
900
462
712
992
499
936
48
627
35
688
403 264
507
500
21
292
986
532
905
896
305
736
291 945
549
399 445
951
530
860
202
265
594
9
463
641
456
106
98
389
208
485
161 322
923
457
504
902 487
757
92
450
755
496 631
433
349
348
830
5
479
541
90
11
979 683
899
803
887
302
228
616
429
509
166
451
677
411
23
792
423
89
704
148
360
281
296
370
648
756
963
4
880
34
972
551
768
364
752 191
629
139
679
864
81
777
103
539
855
104 257
644
729
313
467
254
19
216
87
939
555
775
187
468
275
623
13
324 816
480
654
606
387
877
746
634 637
492 221
964
994
576
739
924
277
359 578
950
561
181
201
508
79 927
706
404
799
301
559
287
913
59 180
367
381
38
145
50
247
320
954
149
269 589
867
329
300
211
889
632 86
942
28
197
749 582
175 759
836
497
488
588
418 501
586 545
802
241
890
260
109
728
962
828 535
883 911
732
527 71
969
125
127
217
219
384 666
638
416
806 868
314
761
113
22
286
557
128 946
390 419
710 618
771
779
83
294
472
723
645
725
97 163
154
449 684
546
567
745
550
196
179
630 720
78
160 782
990 57
547 152
892 365
185 973
306 355
750 199
901 288
464 498
246 102
968 952
434 190
117 534
273 568
61 700
595 224
280 143
981 47
146 68
910 65
510 957
227 417
937 427
214 250
96 206
395 664
53 705
171 335
385 478
405 659
633 774
337 76
350 552
941 857
653 207
428 753
635 697
363 956
116 651
542 825
673 345
798 455
709 758
580 834
918 36
909 40
295 147
625 548
402 999
343 482
44 603
401 54
781 388
817 523
119 182
676 853
788 394
965 818
321 484
447 512
553 699
670 598
386 84
155 696
898 200
465 949
599 689
897 862
144 731
66 537
183 253
607 726
64 153
0 133
628 583
327 131
904 885
919 157
198 528
961 674
134 577
793 544
840 237
891 871
409 974
940 740
769 943
564 88
698 318
188 366
410 58
249 600
762 10
69 31
882 984
2 562
988 668
470 783
503 18
929 685
331 129
353 285
372 466
248 243
46 800
373 760
37 960
368 218
529 304
590 841
763 382
438 928
609 165
375 612
490 517
717 101
310 169
620 432
266 115
252 566
861 476
259 95
32 234
824 195
947 958
735 773
105 608
884 118
525 238
805 474
223 72
572 624
215 162
636 796
813 495
339 158
585 701
794 459
49 996
82 51
571 173
85 114
244 12
675 737
376 168
290 407
866 872
80 426
660 615
156 124
6 915
454 967
991 789
150 810
873 657
617 579
876 204
993 711
601 344
27 271
835 801
123 481
494 437
695 270
443 414
151 832
341 715
392 622
94 55
126 665
808 30
934 797
383 573
563 814
932 297
226 995
881 518
977 424
619 930
338 661
894 172
371 703
543 838
452 130
856 833
643 982
879 263
231 236
413 953
524 330
847 336
721 681
256 93
920 20
686 52
662 8
716 461
138 415
846 307
903 242
422 15
858 714
26 444
744 912
522 137
67 458
521 99
91 765
770 408
469 513
475 471
795 581
108 262
751 511
289 837
